(7, 0);(62, 87);(40, 119);(87, 207);(78, 239);(0, 145);(28, 120)#
(4, 0);(88, 5);(0, 47)#
(68, 68);(225, 0);(230, 80);(308, 126);(267, 266);(144, 238);(0, 336);(117, 159);(107, 156);(67, 98)#
(0, 1);(47, 0);(48, 129);(36, 53)#
(45, 29);(76, 0);(101, 15);(67, 48);(58, 49);(62, 104);(27, 65);(0, 60);(29, 22)#
(42, 0);(56, 15);(115, 37);(67, 74);(30, 48);(0, 3)#
(54, 18);(132, 0);(62, 34);(59, 39);(0, 30)#
(14, 4);(50, 0);(78, 12);(0, 77);(10, 14)#
(30, 27);(44, 0);(82, 15);(40, 44);(32, 41);(0, 25)#
(0, 29);(63, 0);(66, 56);(39, 88);(14, 154);(11, 68)#
(5, 7);(17, 0);(33, 35);(0, 23)#
(11, 0);(68, 9);(102, 28);(69, 55);(59, 70);(0, 56);(25, 42)#
(97, 26);(137, 0);(104, 46);(161, 65);(105, 52);(80, 107);(0, 72);(34, 32)#
(0, 2);(65, 0);(57, 69);(111, 79);(84, 126);(44, 80);(41, 76);(34, 70)#
(31, 0);(86, 168);(184, 71);(213, 152);(157, 271);(154, 283);(49, 288);(0, 241);(13, 185);(33, 161)#
(0, 65);(56, 0);(55, 142)#
(10, 0);(57, 43);(66, 43);(83, 68);(79, 135);(47, 87);(44, 66);(0, 53);(40, 55)#
(14, 37);(64, 0);(0, 93)#
(104, 83);(145, 0);(241, 50);(164, 133);(155, 190);(68, 190);(120, 117);(0, 76)#
(15, 0);(92, 47);(103, 86);(158, 144);(0, 117);(24, 71)#
(0, 0);(56, 92);(31, 149);(59, 199);(12, 196);(4, 144)#
(134, 0);(183, 207);(304, 75);(318, 247);(283, 302);(184, 393);(156, 397);(0, 332);(167, 207);(144, 190)#
(0, 0);(145, 72);(63, 143);(32, 99)#
(34, 7);(58, 0);(46, 28);(142, 12);(87, 62);(77, 120);(39, 117);(8, 58);(0, 29);(23, 15)#
(59, 0);(180, 22);(178, 83);(231, 160);(95, 199);(0, 148);(108, 79)#
(85, 16);(141, 0);(162, 58);(99, 99);(62, 199);(62, 102);(0, 33)#
(70, 51);(80, 54);(157, 0);(92, 88);(78, 82);(70, 142);(0, 106);(55, 71)#
(15, 29);(116, 0);(102, 134);(133, 201);(112, 290);(35, 188);(0, 195);(35, 159)#
(0, 0);(81, 102);(16, 101)#
(37, 17);(51, 19);(90, 0);(72, 49);(50, 35);(32, 64);(0, 39);(24, 19)#
