(0,0);(300,0);(0,300)#(300,0);(0,300);(300,300)#
(0,0);(100,100);(0,100)#(100,0);(0,100);(100,100)#
(0,0);(300,0);(0,300)#(300,0);(0,300);(300,300)#
(0,0);(100,100);(0,100)#(100,0);(0,100);(100,100)#
(0,0);(50,0);(0,50)#(50,0);(0,50);(50,50)#
(0,0);(100,100);(0,100)#(100,0);(0,150);(100,150)#
(0,0);(300,0);(0,300)#(300,0);(0,300);(300,300)#
(0,0);(100,100);(0,100)#(100,0);(0,100);(100,100)#
(0,0);(300,0);(0,300)#(300,0);(0,300);(300,300)#
(0,0);(100,100);(0,100)#(100,0);(0,100);(100,100)#
(0,0);(50,0);(0,50)#(50,0);(0,50);(50,50)#
(0,0);(100,100);(0,100)#(100,0);(0,150);(100,150)